   1.0000000000000000e+00	   4.0915886998446438e-01	   8.6335953905361446e-02	  -4.8096346152848901e-01	  -3.5440215094705435e-01	  -2.8577357211535420e-01	   4.0615447980899017e-01	   1.1043732688295781e-01	  -2.4503281110029529e-01	   3.0749786967997084e-01	   3.7973592650711319e-01	   5.0222704335769516e-02	   4.6581245396199911e-01	   4.4463592811027480e-01	  -2.7293241136191049e-01	  -5.4043568824326449e-01	  -2.0921360923980753e-01	  -1.2969340581117469e-01	  -1.1115065542398844e-01	  -4.0748052868329876e-01	  -5.0753269018482608e-02	  -2.5039718986733694e-01	  -4.8800703179513866e-01	  -5.1734357828153521e-01	  -4.4058112352123235e-01	  -3.5603885332505841e-01	  -4.7256007810151962e-01	   7.8797977983748713e-02	   8.7180470650423378e-02	  -5.0518627765872300e-02	  -3.6477883880943163e-01	  -1.7119229434079319e-01	   1.8093916184182626e-01	
   4.0915886998446438e-01	   1.0000000000000000e+00	   3.8233596640856704e-01	   9.8026020518543769e-02	  -1.7819475510989513e-01	   1.2662264368968137e-02	   4.4463745888845896e-01	   3.6437184486391760e-01	   2.1060766052405405e-02	   2.0363445121504853e-01	   1.5232017277356713e-01	  -1.2016224764662714e-01	   4.8746531081582012e-01	   5.9553582703284824e-01	   2.5089086810644073e-01	  -1.2395413206599475e-01	  -1.0750565724972130e-01	   2.4142480115639835e-02	   4.4683686494696578e-01	   9.1506789134574953e-02	   9.3156001723647741e-02	  -1.6803397798129313e-01	  -1.2944534430593277e-01	  -2.6749467264543247e-01	  -3.0269857675979178e-01	  -4.6277469466688559e-01	  -1.8250614304809271e-01	  -2.0810309519482140e-01	   1.5405417064766086e-01	  -2.0346153179423149e-01	  -1.2326761784162807e-01	   1.6334735023160410e-01	  -5.8819602546274455e-02	
   8.6335953905361446e-02	   3.8233596640856704e-01	   1.0000000000000000e+00	   1.5102101492978062e-01	   4.3574139706157999e-01	   3.1608504727822828e-01	   2.6427232824909380e-01	   2.4494846685356927e-01	   3.0436347400292241e-01	   4.8765696060756930e-01	   4.6392780755665991e-01	   1.8351684442029195e-01	   5.3207865807595056e-01	   1.3771432330592415e-01	   8.0875932776288462e-02	   2.0051021081224002e-02	  -1.9094530625055781e-01	   7.6271299623665814e-02	  -1.2992372050905249e-02	   2.8553027642944118e-01	   2.8892125931963808e-01	  -2.2390136973670993e-01	   2.9044261838496271e-01	   1.2545698386247542e-01	   1.4180986880525828e-01	  -3.1637911138793606e-02	  -9.5421823022605309e-02	   4.3356919858785110e-04	  -1.6479564339805849e-01	   6.8509391599774719e-02	  -2.8526585344838328e-02	  -6.6924714174278505e-02	  -7.4991582701053258e-02	
  -4.8096346152848907e-01	   9.8026020518543783e-02	   1.5102101492978062e-01	   1.0000000000000000e+00	   5.9614368974452070e-01	   2.7732449438394452e-01	  -1.3296053484108500e-01	   1.7128086877030868e-01	  -1.5971013265591902e-02	  -3.3826688292052531e-01	  -1.6626288608095025e-01	  -1.8490661341253570e-01	  -1.8828908963547106e-01	  -2.5969243550530785e-01	   4.8969684093618088e-01	   5.9547648048915447e-01	   4.9867694499474646e-01	   1.6943557116300215e-01	   3.7588909574425006e-01	   3.2770850788842082e-01	  -1.2729344199431403e-01	   3.2817215540973110e-01	   4.8917722194993535e-01	   9.7826472236189496e-02	   2.8198234654961124e-01	   1.8030640856249405e-01	   3.0327641425810686e-01	  -2.3910854880833513e-02	   1.7560350613374984e-01	  -7.1932843607122085e-02	   4.1725596066194071e-01	   1.0653548356195038e-01	  -5.1849537753187298e-02	
  -3.5440215094705435e-01	  -1.7819475510989513e-01	   4.3574139706157999e-01	   5.9614368974452081e-01	   1.0000000000000000e+00	   1.2310860452881647e-01	  -3.2574207160057861e-01	   2.2875201200740158e-03	   2.0533997968922774e-02	  -1.0024372074671586e-01	   2.1426525963888574e-01	  -1.5440193301477162e-01	   3.3007021207667582e-02	  -5.0233488684372252e-01	  -7.1926552551997036e-02	   2.0740238534598901e-01	   1.3495055842023429e-01	   2.4423519662615415e-02	  -2.0324117319813259e-01	   1.2815515033328256e-01	  -8.3956754683577203e-02	   9.7151285024397308e-02	   4.2337613416825998e-01	  -1.9582419896111758e-02	   4.5773365165868968e-01	   3.6003365168253465e-01	   8.4879428712050189e-02	   1.0819491545774361e-01	  -2.8125996944562411e-02	   7.2641170300447033e-02	   3.5951490199130548e-01	  -9.1356022564559311e-02	   1.1628692136291503e-01	
  -2.8577357211535420e-01	   1.2662264368968137e-02	   3.1608504727822828e-01	   2.7732449438394452e-01	   1.2310860452881647e-01	   1.0000000000000000e+00	   3.0169334239031786e-01	   4.0389114544279292e-01	   6.8547286731448887e-01	   2.9570619763391415e-01	   8.2042377252286650e-02	   3.2476591642830294e-01	  -1.6481789628419974e-01	  -1.7088957745921396e-02	   4.7806773707533495e-01	   5.3149643481143372e-01	  -8.2876959808511577e-02	   7.4539907628139043e-02	   2.4715691929719641e-01	   4.4559513175032406e-01	   3.9395643142147674e-01	  -2.6753103509609959e-02	   5.7385441431262796e-01	   6.5563233513005925e-01	   3.3012361667655321e-01	   1.6198320895629409e-01	   2.4187590849572144e-01	  -2.5990662422077757e-03	  -1.8001929706202593e-01	   1.5604636641659919e-01	   3.7906747977387752e-02	   5.0035342779321819e-02	  -2.1129234860500842e-01	
   4.0615447980899011e-01	   4.4463745888845896e-01	   2.6427232824909380e-01	  -1.3296053484108497e-01	  -3.2574207160057861e-01	   3.0169334239031786e-01	   1.0000000000000000e+00	   6.5894757367581069e-01	   2.5451777366576506e-01	   6.5359862249229528e-01	   3.2082892830964166e-01	   1.5297775763146851e-01	   4.0653852615521524e-01	   5.0271761982596141e-01	   3.6109576937509225e-01	  -5.1769501771157980e-02	  -1.2641734647284830e-01	   1.0581524927395695e-02	   2.6299840773758820e-01	   1.6651191489365139e-01	   4.6190878864367557e-01	  -1.3313309503431450e-01	  -5.8948488758517249e-02	   1.2928214157239984e-01	  -3.9722238548732541e-01	  -4.1824333705927963e-01	   1.8910834390919402e-02	   8.2059513300109924e-02	   2.3136158675211921e-01	   1.3078047114164576e-01	  -2.8467254838585537e-01	   2.5725641938947424e-01	   9.6207802167735779e-02	
   1.1043732688295781e-01	   3.6437184486391760e-01	   2.4494846685356930e-01	   1.7128086877030871e-01	   2.2875201200740158e-03	   4.0389114544279286e-01	   6.5894757367581069e-01	   1.0000000000000000e+00	   3.5529723204994995e-01	   3.7932980209815992e-01	   4.0823496883010169e-01	   2.4370441963378637e-02	   2.6496180427158961e-01	   3.5374195752487997e-01	   4.2277500057251621e-01	   1.8241024899331668e-01	   1.5355098838874710e-02	  -2.3668570155430450e-02	   3.6535846355471452e-01	   3.3944772970715609e-01	   3.3237794763053569e-01	  -1.3887120961735461e-01	   2.3515437479742871e-01	   1.6616554440013739e-01	  -1.5100252717379581e-01	  -2.8410896040717454e-01	   1.1788082255366601e-01	  -5.4457878759991654e-02	   3.1984574904390867e-01	  -1.7866874594021209e-02	   2.3807148234614627e-02	   2.7780129979013679e-01	   1.0617867345728313e-01	
  -2.4503281110029532e-01	   2.1060766052405405e-02	   3.0436347400292246e-01	  -1.5971013265591902e-02	   2.0533997968922774e-02	   6.8547286731448898e-01	   2.5451777366576506e-01	   3.5529723204994995e-01	   1.0000000000000000e+00	   5.2246517133433656e-01	   1.4985252440386024e-01	   3.5961465821575567e-01	  -3.7178041922077659e-02	   6.8125262848702850e-02	   1.9960932105899357e-01	   2.9109113657639490e-01	  -1.6262778866906877e-01	  -1.2426202394727288e-02	   1.2109479346656302e-01	   5.3724472594989003e-01	   6.5120379331844913e-01	  -6.9580394365035261e-03	   6.0925799399195502e-01	   6.1493935914881925e-01	   3.6581628707576364e-01	   6.1369894000352775e-02	   5.3776663953322187e-02	  -1.1301407696545437e-01	  -3.4780272675162272e-01	   1.3225485197697909e-01	  -2.0304703191546824e-02	   1.6499334580700972e-01	  -2.2642933512351410e-01	
   3.0749786967997078e-01	   2.0363445121504856e-01	   4.8765696060756930e-01	  -3.3826688292052526e-01	  -1.0024372074671586e-01	   2.9570619763391415e-01	   6.5359862249229528e-01	   3.7932980209815992e-01	   5.2246517133433656e-01	   1.0000000000000000e+00	   5.4231667134319650e-01	   3.0672475850777081e-01	   4.5796615133298063e-01	   3.0498916448313490e-01	   1.5816748059247043e-02	  -1.7131437034816971e-01	  -2.4475078458401542e-01	  -1.1783578860797150e-01	  -8.6700940474153956e-02	   2.0419348370931178e-01	   6.6481237721709674e-01	  -2.1120319061034479e-01	   9.9381608336332569e-02	   2.1683506032622399e-01	  -5.1449419603750886e-02	  -1.5652359579232608e-01	  -1.5345911520215547e-01	   1.8903511677298535e-01	  -2.5647013022240467e-01	   3.3511767254695907e-01	  -2.7677648125018683e-01	   1.2699690951838213e-01	   5.6724851001644809e-02	
   3.7973592650711319e-01	   1.5232017277356716e-01	   4.6392780755665991e-01	  -1.6626288608095027e-01	   2.1426525963888574e-01	   8.2042377252286663e-02	   3.2082892830964171e-01	   4.0823496883010169e-01	   1.4985252440386024e-01	   5.4231667134319650e-01	   1.0000000000000000e+00	  -3.3650422695128926e-02	   5.1767671151546446e-01	   1.3963349929955834e-01	  -6.2653322147988522e-02	  -1.3917319038595827e-01	  -1.0635010355509182e-01	  -4.0411993084253965e-02	  -1.7711880835986674e-01	   8.6386095344132746e-02	   2.4342672575626945e-01	  -9.6666516081865411e-02	   7.1597974213159929e-02	  -5.2904976096278318e-02	  -1.9988602622649675e-04	  -3.7398352513905692e-02	   3.5262361627018692e-03	   1.9487605312949141e-01	   1.5078727218523444e-01	   3.9826197020093920e-02	   9.0579181277388746e-02	  -1.2435327281321887e-02	   4.7491187262255641e-01	
   5.0222704335769509e-02	  -1.2016224764662715e-01	   1.8351684442029195e-01	  -1.8490661341253573e-01	  -1.5440193301477162e-01	   3.2476591642830294e-01	   1.5297775763146851e-01	   2.4370441963378637e-02	   3.5961465821575567e-01	   3.0672475850777081e-01	  -3.3650422695128926e-02	   1.0000000000000000e+00	  -1.7937346540152210e-01	  -1.4143980307802498e-01	  -1.2367783023280256e-01	  -1.1139269495146441e-01	  -2.6507782708662908e-01	   3.9019920993831531e-02	   1.6161686690323682e-02	  -1.7365953147596831e-02	   2.2267601383191543e-01	  -7.7060754021832795e-02	  -2.5661425972026166e-02	   3.2873009949913878e-01	   1.3785228125120860e-01	   1.8189108480544006e-01	  -1.6276526820360773e-01	   6.3883891988242764e-02	  -4.9447256745233675e-01	   2.8571628359104118e-01	  -3.0693612344290566e-01	  -3.0322307935676890e-01	  -2.2462086384499400e-01	
   4.6581245396199916e-01	   4.8746531081582017e-01	   5.3207865807595045e-01	  -1.8828908963547103e-01	   3.3007021207667582e-02	  -1.6481789628419971e-01	   4.0653852615521519e-01	   2.6496180427158961e-01	  -3.7178041922077652e-02	   4.5796615133298069e-01	   5.1767671151546435e-01	  -1.7937346540152210e-01	   1.0000000000000000e+00	   5.0742078135184288e-01	  -4.4210078533105289e-02	  -2.4422487667776915e-01	  -4.6475777781035885e-02	  -2.1424090099971038e-02	   8.0875805000284254e-03	  -7.5555396505597693e-03	   1.6199121327926017e-01	  -2.4574538207370816e-01	  -1.3813477646475505e-01	  -2.7181834433249663e-01	  -2.8085082685345747e-01	  -3.2636845098543216e-01	  -2.0543135147516303e-01	   1.6936145703311041e-02	   9.3770046118063180e-02	  -7.8881495679556657e-02	  -1.3271763132830844e-01	   5.8498063362728843e-02	   1.1779745701656956e-01	
   4.4463592811027475e-01	   5.9553582703284824e-01	   1.3771432330592415e-01	  -2.5969243550530785e-01	  -5.0233488684372252e-01	  -1.7088957745921396e-02	   5.0271761982596141e-01	   3.5374195752488002e-01	   6.8125262848702850e-02	   3.0498916448313490e-01	   1.3963349929955834e-01	  -1.4143980307802501e-01	   5.0742078135184276e-01	   1.0000000000000000e+00	   1.6941704267644478e-01	  -1.6442317679052934e-01	   2.0836465549677548e-02	  -1.4857042023236991e-01	   3.4520109894238082e-01	   2.8151009728508907e-02	   2.2895111873046384e-01	  -2.5348603749097409e-01	  -1.5289071028873519e-01	  -1.7003555244507834e-01	  -4.0254819038742562e-01	  -5.8983573864780992e-01	  -2.2613782946394612e-01	  -2.7887595788302111e-01	   1.6879621167126199e-01	  -2.5484136902661059e-01	  -3.1323021453501310e-01	   1.7247288531440472e-01	  -6.4646360594487126e-02	
  -2.7293241136191054e-01	   2.5089086810644079e-01	   8.0875932776288462e-02	   4.8969684093618088e-01	  -7.1926552551997022e-02	   4.7806773707533495e-01	   3.6109576937509225e-01	   4.2277500057251616e-01	   1.9960932105899357e-01	   1.5816748059247043e-02	  -6.2653322147988522e-02	  -1.2367783023280256e-01	  -4.4210078533105282e-02	   1.6941704267644478e-01	   1.0000000000000000e+00	   6.5587054071789641e-01	   2.6078807017514821e-01	   3.7654708327454028e-01	   6.2724969745711956e-01	   5.8228759196188673e-01	   1.8865007315701621e-01	   2.2167503499675248e-01	   3.9343321790578517e-01	   4.3445789251416045e-01	  -9.4679967090767675e-02	  -1.2199817587939799e-01	   5.0278446279409195e-01	  -1.3529496307207439e-01	   2.8825071216923248e-01	  -9.1217373606178070e-02	   2.3434239050777692e-01	   4.5873548330685837e-01	  -3.4540481912478958e-02	
  -5.4043568824326449e-01	  -1.2395413206599475e-01	   2.0051021081224002e-02	   5.9547648048915447e-01	   2.0740238534598898e-01	   5.3149643481143372e-01	  -5.1769501771157980e-02	   1.8241024899331668e-01	   2.9109113657639485e-01	  -1.7131437034816971e-01	  -1.3917319038595827e-01	  -1.1139269495146442e-01	  -2.4422487667776913e-01	  -1.6442317679052934e-01	   6.5587054071789641e-01	   1.0000000000000000e+00	   3.0235819842888689e-01	   2.6214287876174297e-01	   3.9285229442071862e-01	   5.2764741927441772e-01	   1.2950869289966707e-01	   2.4780745504750698e-01	   7.1581362709226704e-01	   5.4240620917966620e-01	   3.5069249863657842e-01	   2.5729335257074515e-01	   4.7902720747124256e-01	  -1.6456676181064320e-01	   1.5318030778929057e-01	  -1.9827884897184617e-01	   3.6219098157926960e-01	   2.5928326459231793e-01	  -1.8886510421984945e-01	
  -2.0921360923980750e-01	  -1.0750565724972130e-01	  -1.9094530625055781e-01	   4.9867694499474646e-01	   1.3495055842023432e-01	  -8.2876959808511563e-02	  -1.2641734647284830e-01	   1.5355098838874710e-02	  -1.6262778866906880e-01	  -2.4475078458401542e-01	  -1.0635010355509181e-01	  -2.6507782708662903e-01	  -4.6475777781035892e-02	   2.0836465549677548e-02	   2.6078807017514821e-01	   3.0235819842888689e-01	   1.0000000000000000e+00	   1.4382619694159407e-01	   3.3092788168728787e-01	   1.5484693215088330e-01	  -1.5555138565606080e-01	   4.1300423339383618e-01	   1.6500864032448120e-01	  -9.7207602054010717e-02	  -3.8200637318906031e-03	   1.9871026843295064e-04	   1.7893470121424915e-01	   2.0267431877567488e-01	   3.0642880007657636e-01	   3.4241146463888784e-03	   2.9272059570224296e-01	  -1.9467935162909480e-02	   1.6150630583066006e-01	
  -1.2969340581117472e-01	   2.4142480115639828e-02	   7.6271299623665814e-02	   1.6943557116300217e-01	   2.4423519662615415e-02	   7.4539907628139043e-02	   1.0581524927395695e-02	  -2.3668570155430450e-02	  -1.2426202394727288e-02	  -1.1783578860797149e-01	  -4.0411993084253965e-02	   3.9019920993831531e-02	  -2.1424090099971038e-02	  -1.4857042023236991e-01	   3.7654708327454028e-01	   2.6214287876174291e-01	   1.4382619694159407e-01	   1.0000000000000000e+00	   1.5667255146906850e-01	   2.1506414871709401e-01	   5.7077961256296418e-02	   9.7071030262392999e-02	   1.3570497352289343e-01	   1.1058468011828593e-01	  -9.7294094765631375e-02	  -4.2923227233756536e-02	   3.9764112550526073e-02	  -6.0791462296871074e-02	   1.3807058883511464e-02	  -8.5203640932792979e-02	   1.1752714673350287e-01	   1.5331182530203413e-01	  -1.4448710594585659e-01	
  -1.1115065542398846e-01	   4.4683686494696584e-01	  -1.2992372050905249e-02	   3.7588909574425006e-01	  -2.0324117319813259e-01	   2.4715691929719641e-01	   2.6299840773758826e-01	   3.6535846355471452e-01	   1.2109479346656302e-01	  -8.6700940474153956e-02	  -1.7711880835986674e-01	   1.6161686690323682e-02	   8.0875805000284254e-03	   3.4520109894238082e-01	   6.2724969745711956e-01	   3.9285229442071856e-01	   3.3092788168728787e-01	   1.5667255146906853e-01	   1.0000000000000000e+00	   3.5343636617975199e-01	   1.5736614346301489e-01	   1.5669150249136166e-01	   1.2087975948739964e-01	   1.7283955796530626e-01	  -6.7873048812949560e-02	  -1.7060235704296137e-01	   2.4873761419996401e-01	  -2.4024919026464617e-01	   3.3824772167007405e-01	  -2.0057631939905618e-01	   1.4887366917425213e-01	   3.4183052209103915e-01	  -5.3795755123833618e-02	
  -4.0748052868329876e-01	   9.1506789134574940e-02	   2.8553027642944112e-01	   3.2770850788842082e-01	   1.2815515033328256e-01	   4.4559513175032411e-01	   1.6651191489365139e-01	   3.3944772970715609e-01	   5.3724472594989003e-01	   2.0419348370931178e-01	   8.6386095344132732e-02	  -1.7365953147596831e-02	  -7.5555396505597693e-03	   2.8151009728508904e-02	   5.8228759196188673e-01	   5.2764741927441772e-01	   1.5484693215088327e-01	   2.1506414871709401e-01	   3.5343636617975199e-01	   1.0000000000000000e+00	   3.9015875859814125e-01	   4.4978666634124870e-01	   7.1610011029150689e-01	   6.5527755171020163e-01	   1.4246442026840356e-01	   3.2393098907482612e-02	   5.2633598553080863e-01	  -4.6816233065569000e-02	   5.1860500307938989e-03	   9.7114839185642371e-02	   4.7449549218925846e-01	   5.1033542342994453e-01	   1.4818964753438631e-02	
  -5.0753269018482608e-02	   9.3156001723647741e-02	   2.8892125931963808e-01	  -1.2729344199431403e-01	  -8.3956754683577203e-02	   3.9395643142147679e-01	   4.6190878864367563e-01	   3.3237794763053569e-01	   6.5120379331844902e-01	   6.6481237721709685e-01	   2.4342672575626947e-01	   2.2267601383191543e-01	   1.6199121327926017e-01	   2.2895111873046384e-01	   1.8865007315701621e-01	   1.2950869289966707e-01	  -1.5555138565606080e-01	   5.7077961256296425e-02	   1.5736614346301489e-01	   3.9015875859814125e-01	   1.0000000000000000e+00	  -1.4115758521389452e-01	   3.9065786541045699e-01	   3.8630639399173777e-01	   1.1046262230497542e-01	  -1.3872874074107400e-01	  -1.0615857948512657e-01	  -7.5631075779943865e-02	  -2.2684275712139734e-01	   1.1994272317985710e-01	  -9.2468518823773160e-02	   4.8308172360373303e-01	  -1.1110733720459109e-01	
  -2.5039718986733694e-01	  -1.6803397798129313e-01	  -2.2390136973670990e-01	   3.2817215540973110e-01	   9.7151285024397308e-02	  -2.6753103509609962e-02	  -1.3313309503431450e-01	  -1.3887120961735461e-01	  -6.9580394365035270e-03	  -2.1120319061034479e-01	  -9.6666516081865397e-02	  -7.7060754021832795e-02	  -2.4574538207370816e-01	  -2.5348603749097404e-01	   2.2167503499675248e-01	   2.4780745504750695e-01	   4.1300423339383624e-01	   9.7071030262392985e-02	   1.5669150249136166e-01	   4.4978666634124864e-01	  -1.4115758521389452e-01	   1.0000000000000000e+00	   3.5217216792034162e-01	   2.0952879201883831e-01	  -1.7991793793853959e-04	   1.7622286295215497e-01	   5.1929064966557847e-01	   1.6883871880655765e-01	   1.7486327780958749e-01	   1.7105716476340721e-01	   5.6157907910721372e-01	   2.2355540781288255e-01	   4.6607387934088040e-01	
  -4.8800703179513860e-01	  -1.2944534430593277e-01	   2.9044261838496271e-01	   4.8917722194993535e-01	   4.2337613416825998e-01	   5.7385441431262796e-01	  -5.8948488758517256e-02	   2.3515437479742871e-01	   6.0925799399195502e-01	   9.9381608336332569e-02	   7.1597974213159915e-02	  -2.5661425972026166e-02	  -1.3813477646475505e-01	  -1.5289071028873519e-01	   3.9343321790578523e-01	   7.1581362709226704e-01	   1.6500864032448118e-01	   1.3570497352289343e-01	   1.2087975948739962e-01	   7.1610011029150689e-01	   3.9065786541045694e-01	   3.5217216792034162e-01	   1.0000000000000000e+00	   5.8146198925821713e-01	   5.0548046579018391e-01	   2.5610550461569292e-01	   3.1206509513750480e-01	  -1.0323934059626604e-01	  -1.1507654873887221e-01	   2.0183199894810343e-02	   4.7688715401758447e-01	   2.6163397463606181e-01	  -7.7122799437786368e-02	
  -5.1734357828153521e-01	  -2.6749467264543253e-01	   1.2545698386247542e-01	   9.7826472236189496e-02	  -1.9582419896111758e-02	   6.5563233513005914e-01	   1.2928214157239984e-01	   1.6616554440013739e-01	   6.1493935914881925e-01	   2.1683506032622399e-01	  -5.2904976096278318e-02	   3.2873009949913878e-01	  -2.7181834433249663e-01	  -1.7003555244507837e-01	   4.3445789251416045e-01	   5.4240620917966620e-01	  -9.7207602054010717e-02	   1.1058468011828593e-01	   1.7283955796530626e-01	   6.5527755171020174e-01	   3.8630639399173777e-01	   2.0952879201883831e-01	   5.8146198925821713e-01	   1.0000000000000000e+00	   3.1508122988942244e-01	   2.6691996885260849e-01	   5.9079526184195319e-01	  -2.0203815924203172e-02	  -1.3712403002589577e-01	   1.5099247644555258e-01	   1.9565664552814027e-01	   2.2005500162354302e-01	  -1.4504916036331444e-01	
  -4.4058112352123230e-01	  -3.0269857675979184e-01	   1.4180986880525831e-01	   2.8198234654961118e-01	   4.5773365165868968e-01	   3.3012361667655321e-01	  -3.9722238548732541e-01	  -1.5100252717379581e-01	   3.6581628707576358e-01	  -5.1449419603750886e-02	  -1.9988602622649673e-04	   1.3785228125120863e-01	  -2.8085082685345741e-01	  -4.0254819038742562e-01	  -9.4679967090767675e-02	   3.5069249863657836e-01	  -3.8200637318906031e-03	  -9.7294094765631375e-02	  -6.7873048812949546e-02	   1.4246442026840356e-01	   1.1046262230497542e-01	  -1.7991793793853959e-04	   5.0548046579018391e-01	   3.1508122988942244e-01	   1.0000000000000000e+00	   7.5604266050103852e-01	   3.8159989691951383e-02	   9.4005917609266312e-02	  -1.7170847474019818e-01	   1.4394997854942798e-01	   3.0674223059145428e-01	  -1.4879860409873391e-01	  -6.0940880454098602e-02	
  -3.5603885332505841e-01	  -4.6277469466688553e-01	  -3.1637911138793599e-02	   1.8030640856249408e-01	   3.6003365168253459e-01	   1.6198320895629409e-01	  -4.1824333705927963e-01	  -2.8410896040717454e-01	   6.1369894000352775e-02	  -1.5652359579232608e-01	  -3.7398352513905692e-02	   1.8189108480544006e-01	  -3.2636845098543216e-01	  -5.8983573864780992e-01	  -1.2199817587939800e-01	   2.5729335257074515e-01	   1.9871026843295067e-04	  -4.2923227233756529e-02	  -1.7060235704296137e-01	   3.2393098907482612e-02	  -1.3872874074107400e-01	   1.7622286295215497e-01	   2.5610550461569292e-01	   2.6691996885260849e-01	   7.5604266050103852e-01	   1.0000000000000000e+00	   2.5808284273587967e-01	   2.9134581104254520e-01	  -6.9337813751780233e-02	   1.9382375939914623e-01	   4.1028787039661668e-01	  -1.6582195695020682e-01	   1.0295702463571850e-01	
  -4.7256007810151962e-01	  -1.8250614304809271e-01	  -9.5421823022605309e-02	   3.0327641425810686e-01	   8.4879428712050189e-02	   2.4187590849572141e-01	   1.8910834390919406e-02	   1.1788082255366601e-01	   5.3776663953322194e-02	  -1.5345911520215547e-01	   3.5262361627018688e-03	  -1.6276526820360773e-01	  -2.0543135147516303e-01	  -2.2613782946394612e-01	   5.0278446279409195e-01	   4.7902720747124250e-01	   1.7893470121424915e-01	   3.9764112550526073e-02	   2.4873761419996399e-01	   5.2633598553080863e-01	  -1.0615857948512657e-01	   5.1929064966557847e-01	   3.1206509513750480e-01	   5.9079526184195319e-01	   3.8159989691951383e-02	   2.5808284273587967e-01	   1.0000000000000000e+00	   7.7002957582873913e-02	   4.6152515790081877e-01	   2.0686997052434077e-02	   5.4628853563011270e-01	   3.0986780191876417e-01	   3.2603170945735965e-01	
   7.8797977983748713e-02	  -2.0810309519482142e-01	   4.3356919858785116e-04	  -2.3910854880833513e-02	   1.0819491545774361e-01	  -2.5990662422077757e-03	   8.2059513300109924e-02	  -5.4457878759991654e-02	  -1.1301407696545439e-01	   1.8903511677298532e-01	   1.9487605312949144e-01	   6.3883891988242764e-02	   1.6936145703311041e-02	  -2.7887595788302111e-01	  -1.3529496307207439e-01	  -1.6456676181064320e-01	   2.0267431877567488e-01	  -6.0791462296871074e-02	  -2.4024919026464620e-01	  -4.6816233065569000e-02	  -7.5631075779943865e-02	   1.6883871880655765e-01	  -1.0323934059626602e-01	  -2.0203815924203172e-02	   9.4005917609266326e-02	   2.9134581104254520e-01	   7.7002957582873927e-02	   1.0000000000000000e+00	   3.1071220456225374e-02	   6.6584105317493791e-01	   1.5008773987293719e-01	  -2.8951006225776499e-01	   2.0321458168425388e-01	
   8.7180470650423378e-02	   1.5405417064766086e-01	  -1.6479564339805849e-01	   1.7560350613374984e-01	  -2.8125996944562411e-02	  -1.8001929706202593e-01	   2.3136158675211921e-01	   3.1984574904390861e-01	  -3.4780272675162277e-01	  -2.5647013022240467e-01	   1.5078727218523444e-01	  -4.9447256745233670e-01	   9.3770046118063180e-02	   1.6879621167126199e-01	   2.8825071216923254e-01	   1.5318030778929054e-01	   3.0642880007657636e-01	   1.3807058883511464e-02	   3.3824772167007405e-01	   5.1860500307938989e-03	  -2.2684275712139734e-01	   1.7486327780958752e-01	  -1.1507654873887223e-01	  -1.3712403002589579e-01	  -1.7170847474019818e-01	  -6.9337813751780233e-02	   4.6152515790081872e-01	   3.1071220456225370e-02	   1.0000000000000000e+00	  -2.6333905888223896e-01	   3.9140782247474942e-01	   2.0076589286639823e-01	   5.0827775897231542e-01	
  -5.0518627765872300e-02	  -2.0346153179423149e-01	   6.8509391599774733e-02	  -7.1932843607122085e-02	   7.2641170300447033e-02	   1.5604636641659919e-01	   1.3078047114164573e-01	  -1.7866874594021212e-02	   1.3225485197697909e-01	   3.3511767254695907e-01	   3.9826197020093927e-02	   2.8571628359104123e-01	  -7.8881495679556657e-02	  -2.5484136902661059e-01	  -9.1217373606178070e-02	  -1.9827884897184614e-01	   3.4241146463888784e-03	  -8.5203640932792979e-02	  -2.0057631939905618e-01	   9.7114839185642385e-02	   1.1994272317985712e-01	   1.7105716476340721e-01	   2.0183199894810346e-02	   1.5099247644555258e-01	   1.4394997854942798e-01	   1.9382375939914623e-01	   2.0686997052434077e-02	   6.6584105317493791e-01	  -2.6333905888223896e-01	   1.0000000000000000e+00	  -1.3298818487247292e-02	  -1.5300186599735963e-01	   1.3825784181586942e-01	
  -3.6477883880943163e-01	  -1.2326761784162805e-01	  -2.8526585344838325e-02	   4.1725596066194071e-01	   3.5951490199130548e-01	   3.7906747977387752e-02	  -2.8467254838585537e-01	   2.3807148234614630e-02	  -2.0304703191546824e-02	  -2.7677648125018683e-01	   9.0579181277388746e-02	  -3.0693612344290566e-01	  -1.3271763132830844e-01	  -3.1323021453501310e-01	   2.3434239050777692e-01	   3.6219098157926960e-01	   2.9272059570224301e-01	   1.1752714673350285e-01	   1.4887366917425213e-01	   4.7449549218925852e-01	  -9.2468518823773160e-02	   5.6157907910721372e-01	   4.7688715401758447e-01	   1.9565664552814030e-01	   3.0674223059145428e-01	   4.1028787039661668e-01	   5.4628853563011270e-01	   1.5008773987293716e-01	   3.9140782247474948e-01	  -1.3298818487247292e-02	   1.0000000000000000e+00	   3.0360238226423969e-01	   4.0787622579170602e-01	
  -1.7119229434079319e-01	   1.6334735023160410e-01	  -6.6924714174278505e-02	   1.0653548356195039e-01	  -9.1356022564559311e-02	   5.0035342779321819e-02	   2.5725641938947419e-01	   2.7780129979013679e-01	   1.6499334580700972e-01	   1.2699690951838213e-01	  -1.2435327281321885e-02	  -3.0322307935676890e-01	   5.8498063362728850e-02	   1.7247288531440472e-01	   4.5873548330685837e-01	   2.5928326459231793e-01	  -1.9467935162909483e-02	   1.5331182530203416e-01	   3.4183052209103915e-01	   5.1033542342994453e-01	   4.8308172360373303e-01	   2.2355540781288255e-01	   2.6163397463606181e-01	   2.2005500162354305e-01	  -1.4879860409873394e-01	  -1.6582195695020679e-01	   3.0986780191876417e-01	  -2.8951006225776499e-01	   2.0076589286639823e-01	  -1.5300186599735963e-01	   3.0360238226423969e-01	   1.0000000000000000e+00	   1.7029297346630143e-01	
   1.8093916184182623e-01	  -5.8819602546274462e-02	  -7.4991582701053258e-02	  -5.1849537753187298e-02	   1.1628692136291503e-01	  -2.1129234860500840e-01	   9.6207802167735779e-02	   1.0617867345728313e-01	  -2.2642933512351407e-01	   5.6724851001644809e-02	   4.7491187262255641e-01	  -2.2462086384499402e-01	   1.1779745701656955e-01	  -6.4646360594487126e-02	  -3.4540481912478958e-02	  -1.8886510421984945e-01	   1.6150630583066003e-01	  -1.4448710594585659e-01	  -5.3795755123833611e-02	   1.4818964753438631e-02	  -1.1110733720459108e-01	   4.6607387934088040e-01	  -7.7122799437786368e-02	  -1.4504916036331442e-01	  -6.0940880454098609e-02	   1.0295702463571850e-01	   3.2603170945735965e-01	   2.0321458168425385e-01	   5.0827775897231542e-01	   1.3825784181586939e-01	   4.0787622579170602e-01	   1.7029297346630143e-01	   1.0000000000000000e+00	
